1600,A,90426708196641,7.091625,-0.5916671,8.195502;
1600,A,90426757696641,4.972757,-0.15831658,6.6967316;
1600,A,90426807196641,3.25372,-0.19183542,6.107758;
1600,A,90426856696641,2.801216,-0.15592238,5.997625;
1600,A,90426906196641,3.7708676,-1.0513538,7.731027;
1600,A,90426955696641,4.661511,0.16968904,9.684695;
1600,A,90427005196641,6.145916,0.83288294,11.003901;
1600,A,90427054696641,7.2592196,-0.79278004,11.485135;
1600,A,90427104196641,7.3549876,-2.535759,11.454011;
1600,A,90427153696641,7.3190746,-2.7009587,11.461193;
1600,A,90427203196641,7.548918,-3.3761237,9.3112;
1600,A,90427252696641,5.3318872,-1.1566987,7.0271316;
1600,A,90427302196641,4.4316673,-0.6251859,4.599411;
1600,A,90427351696641,3.4093432,-0.045789108,2.0519805;
1600,A,90427401196641,3.1292217,-0.7113772,0.6178537;
1600,A,90427450696641,4.936844,-1.1112089,-0.011821371;
1600,A,90427500196641,11.669339,-1.0944494,-0.28476036;
1600,A,90427549696641,14.561535,0.46657005,-2.145055;
1600,A,90427599196641,17.616535,0.38037878,-2.8657098;
1600,A,90427648812151,19.017143,-3.9650972,0.88361007;
1600,A,90427698427661,15.775395,-1.6139913,-0.5960066;
1600,A,90427748043171,12.210428,-0.7616554,-0.11956045;
1600,A,90427797658681,7.6494746,-1.848623,0.73516953;
1600,A,90427847274191,6.8785415,-2.6027966,0.61067104;
1600,A,90427896889701,6.291962,-2.7823617,0.16774376;
1600,A,90427946505211,8.767567,-2.8350341,0.10070611;
1600,A,90427996120721,12.732365,-4.6546273,0.490961;
1600,A,90428045736231,14.449007,-4.757578,-0.5409399;
1600,A,90428095351741,17.678785,3.5215714,3.9026985;
1600,A,90428144967251,15.315708,2.628534,-1.0078093;
1600,A,90428194582761,19.761143,-0.3211223,-3.1482255;
1600,A,90428244198271,19.201498,-1.6092029,-2.3006783;
1600,A,90428293813781,11.374852,-3.2635963,0.2347814;
1600,A,90428343429291,8.841787,0.2486977,-0.004638766;
1600,A,90428393044801,5.8346696,1.6229695,-1.2568063;
1600,A,90428442660311,7.180211,0.083497785,-1.3190556;
1600,A,90428492275821,9.0476885,-0.19662382,-1.6853683;
1600,A,90428541891331,7.654263,-0.26605567,-2.4155998;
1600,A,90428591506841,10.292673,-0.79996264,-3.0380924;
1600,A,90428641189031,12.643779,-3.045724,-1.1370962;
1600,A,90428690871221,13.172897,-3.5676599,1.8508675;
1600,A,90428740553411,13.599066,-2.4567502,0.2587234;
1600,A,90428790235601,12.605472,-2.193388,-0.11956045;
1600,A,90428839917791,11.513716,-1.0705074,0.014514848;
1600,A,90428889599981,11.908759,-1.9012954,-0.0525228;
1600,A,90428939282171,13.706804,-2.6865935,1.2307693;
1600,A,90428988964361,13.034034,-2.978686,2.032827;
1600,A,90429038646551,14.923059,-1.4368203,2.0280385;
1600,A,90429088328741,17.28853,-1.5062522,2.8037598;
1600,A,90429138010931,16.139313,-0.13916297,-1.2352585;
1600,A,90429187693121,19.752165,0.6533178,-3.7635355;
1600,A,90429237375311,18.150444,-0.42886138,-2.2527943;
1600,A,90429287057501,10.34774,-1.2692262,0.69207394;
1600,A,90429336739691,8.616732,-0.68025255,-0.030974984;
1600,A,90429386421881,8.293514,0.09546879,-1.9247885;
1600,A,90429436104071,8.377312,0.43544543,-2.2647653;
1600,A,90429485786261,7.905654,-0.3067571,-2.2073042;
1600,A,90429535468451,6.991069,0.17687166,-1.941548;
1600,A,90429585150641,10.000581,-0.40491936,-2.3126493;
1600,A,90429634832831,12.2798605,-1.8581998,0.47899;
1600,A,90429684562381,15.634137,-1.6929998,0.7710826;
1600,A,90429734291931,15.86398,-2.3490112,0.14859015;
1600,A,90429784021481,11.633426,-1.8558056,0.8381202;
1600,A,90429833751031,13.412318,-0.77841485,0.80460143;
1600,A,90429883480581,11.973403,-3.4718916,1.1469723;
1600,A,90429933210131,14.061147,-2.535759,1.9226936;
1600,A,90429982939681,12.674904,-2.3921068,2.7415106;
1600,A,90430032669231,17.597382,-3.203741,1.8269255;
1600,A,90430082398781,15.7323,-2.3753474,-0.5313631;
1600,A,90430132128331,19.65879,1.7450738,-3.009362;
1600,A,90430181857881,19.146431,3.741838,-3.9670427;
1600,A,90430231587431,13.692439,-1.695394,-0.7516297;
1600,A,90430281316981,10.742783,-2.2316952,-0.28715456;
1600,A,90430331046531,10.498574,-0.57011926,-1.2448353;
1600,A,90430380776081,9.239224,-0.06015432,-2.4012346;
1600,A,90430430505631,9.088389,0.9023148,-1.9798552;
1600,A,90430480235181,6.7827735,1.345242,-1.4363713;
1600,A,90430529964731,6.38773,-2.992752E-4,-1.8769045;
1600,A,90430579694281,7.9463553,-2.8637645,-1.491438;
1600,A,90430629423831,12.34211,-5.317821,2.3153427;
1600,A,90430679153381,13.12262,-1.0202292,1.8891748;
1600,A,90430728912581,14.800955,1.117793,0.9458593;
1600,A,90430778671781,13.929465,-0.65391636,0.60109425;
1600,A,90430828430981,13.776237,-3.0888195,1.1757027;
1600,A,90430878190181,12.01171,-3.3976715,0.751929;
1600,A,90430927949381,11.221623,-2.4830863,0.9362825;
1600,A,90430977708581,12.39957,-2.1981764,0.39998132;
1600,A,90431027467781,16.649279,-2.918831,1.5779285;
1600,A,90431077226981,16.673222,-1.5780782,0.58672905;
1600,A,90431126986181,17.120935,1.7307086,-1.8314147;
1600,A,90431176745381,18.131289,3.148076,-3.2272344;
1600,A,90431226504581,13.328521,1.6181811,-2.2336404;
1600,A,90431276263781,9.866506,-2.8781297,0.16534956;
1600,A,90431326022981,8.283937,-0.7257424,-0.4523545;
1600,A,90431375782181,7.553706,-0.3474585,-1.4339771;
1600,A,90431425541381,8.396465,1.2207435,-2.025345;
1600,A,90431475300581,7.920019,0.73232645,-2.1163247;
1600,A,90431525059781,6.4427967,-0.117615156,-1.6662147;
1600,A,90431574818981,10.529699,-2.1287446,-1.5632641;
1600,A,90431624578181,14.018051,-2.2819736,0.01690905;
